9914.519
293.4505
182.1602
104.1427
73.9178
66.503
64.0717
54.9174
50.8204
49.4247
41.0003
40.3755
33.2959
43.2756
37.5452
34.1661
33.8157
28.4561
33.4726
25.9426
22.5991
25.9213
18.8125
26.6587
28.3507
22.5165
21.9375
23.8419
23.7977
21.6077
23.6625
18.3576
21.1992
21.7417
20.1558
20.7783
20.4869
19.7491
19.4956
19.1172
17.654
18.3178
17.0596
17.0288
17.7769
17.5828
17.0632
15.3444
17.7389
17.5896
16.9571
15.999
15.9626
15.8504
17.1478
16.5493
17.0152
15.0221
14.5087
16.4811
19.0648
17.9435
15.822
13.2159
17.6
14.3377
15.3738
13.2622
16.0376
15.1411
15.5792
15.1638
14.5182
16.8735
15.7632
14.7334
13.2793
12.6134
13.4417
14.6701
12.5263
13.6602
14.1989
15.0702
12.217
13.0728
13.2929
12.8937
13.7239
13.4725
12.6823
14.4598
13.7511
13.2437
12.8667
14.0378
12.8634
13.5766
11.2063
11.1991
12.1098
11.881
13.1251
12.4372
11.6901
11.3386
13.2203
13.9611
12.5138
11.9796
13.7064
11.3216
11.8396
10.6478
11.8335
12.4646
11.2334
12.9112
13.5453
11.1023
12.7083
11.4069
11.759
11.6207
10.378
13.9961
11.367
10.9314
12.4738
12.1519
11.8023
12.2161
13.2322
12.4389
12.7894
11.3733
13.0215
12.3452
11.231
11.6474
11.9758
11.9992
11.8039
11.3096
11.7636
11.2734
11.8092
12.1902
11.1228
11.9892
11.9316
12.3386
9.9824
13.2948
8.9553
12.2939
9.5002
10.0624
11.6069
10.22
10.3243
10.6703
11.8981
10.9872
11.18
11.6558
9.7691
11.3509
10.9868
10.9775
10.6394
10.8908
11.2616
14.1336
11.1053
10.5099
10.3223
10.7792
9.411
10.5176
9.4407
10.8196
10.8361
11.8702
9.4577
11.2872
11.009
10.4201
11.5299
8.8428
10.0665
9.94
10.6831
9.8034
11.9654
10.6947
8.6597
10.7053
10.9288
11.8425
11.9109
10.1393
11.7961
10.3196
10.8554
10.0366
10.3422
10.3754
10.1468
9.1403
12.0433
10.8842
10.4897
11.0065
9.9264
11.2315
10.6115
9.8956
9.5129
12.2886
10.2332
8.9098
10.4901
11.0307
12.6654
11.0525
9.3489
10.97
10.7384
9.5439
10.1594
11.0463
9.5562
9.7042
8.4725
10.4674
10.5851
10.3127
8.5757
11.2568
10.4032
10.6087
8.5217
10.8861
10.1282
9.2088
10.639
9.2741
11.9125
11.0423
10.8212
10.9538
9.8384
8.5293
9.8831
10.7283
10.1069
10.5873
8.3398
10.0864
9.4164
10.3663
9.1244
9.9672
9.3102
10.1097
10.6554
10.5158
10.1702
10.1971
9.6029
9.5878
9.858
9.3799
9.1689
10.8379
8.8197
9.4588
10.5994
10.4937
9.8828
9.5052
9.1207
9.4408
9.0573
9.205
9.3067
10.5459
10.5459
9.3828
9.1143
10.5216
11.1936
9.3558
10.9923
9.3079
10.1858
10.2433
9.356
10.5678
9.1197
8.9914
9.2344
9.2433
10.8345
9.8777
9.7522
10.5765
9.5434
8.925
8.7119
9.5868
9.842
10.3277
8.9607
8.97
10.9586
11.0831
9.9585
10.8622
11.0418
9.3018
8.4597
9.6041
8.2141
8.3403
8.6836
8.6816
8.0395
7.9531
7.6579
8.5966
8.2109
8.2039
7.5388
8.1262
9.1951
9.2317
8.2648
7.3922
7.1321
7.8186
8.6002
8.6609
8.9711
8.2277
8.3534
8.0122
7.7016
8.5833
9.0472
8.0114
7.7553
8.2611
8.3749
7.4284
7.7263
8.8422
9.819
8.4034
9.6714
7.6965
8.3793
9.264
8.2146
8.7038
8.6901
8.3303
8.1895
8.1044
7.5212
8.1684
8.9392
8.823
8.4197
9.625
8.1571
8.4444
8.3352
8.0883
9.1885
7.9679
7.6607
8.3665
8.5619
8.1093
8.3862
9.1676
8.7243
7.8977
8.5726
8.593
7.7597
7.845
7.9994
8.7083
7.5256
7.9833
8.2773
9.2404
8.2923
8.3761
7.8375
8.601
8.3665
8.2938
7.8434
8.698
7.6525
8.4705
8.4953
9.7671
8.448
8.4575
9.5803
7.2819
7.6164
8.8971
8.6342
8.1095
6.9936
7.7106
7.7845
8.3635
7.7159
8.2048
7.4979
8.8868
8.4583
9.5915
8.0001
8.7911
8.5951
9.0971
8.0053
8.465
7.8009
8.1239
8.0287
8.8311
8.1938
8.229
8.4539
7.8394
8.3575
9.2269
8.1865
8.6601
8.3674
7.8142
7.9234
7.2551
7.5467
8.7267
8.6837
8.287
7.7173
8.1506
8.9955
7.7805
8.4106
9.0163
8.356
8.137
8.277
7.8461
7.7978
9.0614
9.4092
8.7612
8.1706
7.8848
7.906
7.8235
7.6125
9.411
8.3187
8.5062
7.5907
7.8611
8.3408
7.7754
8.4805
7.6439
7.7951
8.3317
8.6394
10.1135
8.7087
8.6084
7.4781
8.3104
7.5114
8.6406
8.3907
8.2284
8.202
8.4592
8.1488
8.2513
8.097
8.0209
9.1588
7.7101
8.9539
8.12
8.5505
8.2631
8.3574
8.3187
8.6288
9.1743
8.6989
8.338
8.2867
9.3215
8.4292
8.0301
8.2206
8.6786
8.3582
8.0957
8.3072
9.3885
8.6598
9.0471
8.7445
7.9174
7.9655
6.8401
8.0089
8.6935
8.8686
8.5306
9.0612
8.9229
9.9227
9.4191
8.0788
7.944
8.82
8.4721
8.923
8.5974
9.2104
7.8914
7.5433
9.3147
8.4601
8.9199
7.7905
8.625
8.1533
8.1579
8.1863
8.2104
8.9993
8.755
8.4953
8.3183
7.6688
8.0928
8.0415
7.716
8.7896
8.0886
8.5026
8.2001
8.7453
7.7593
8.6683
8.7262
8.6641
8.1181
8.8856
9.9425
7.3899
7.5058
9.32
7.738
9.6438
9.1852
8.2913
9.0397
7.7966
7.9779
7.5132
7.3304
7.5589
8.8013
6.9626
8.4071
8.2
7.7764
7.753
7.2297
8.627
8.8144
7.9361
8.1727
7.9889
7.884
7.9526
8.7212
8.2584
7.9724
8.2161
8.4763
8.1887
8.0878
9.5361
8.0377
8.9668
8.2428
8.525
7.5482
8.4547
9.1658
7.7723
8.3293
7.373
7.909
9.307
8.0664
7.833
8.216
7.4093
8.662
7.9728
9.1772
8.0759
7.8385
8.8284
8.1317
8.9779
8.2398
7.7971
8.3995
7.8067
7.8812
7.9021
7.8519
7.6749
9.1115
8.8054
8.6885
8.4807
8.6111
6.4836
6.6619
6.5315
6.4461
6.9611
6.5581
6.6744
6.5879
6.9783
6.7871
6.9371
6.151
6.9489
6.2455
6.513
7.27
6.7713
7.6076
5.9593
7.682
6.9898
6.7411
6.4712
6.8765
6.3161
6.4805
6.5425
6.8468
7.2281
6.0525
6.5204
6.6886
6.9958
6.4426
6.3323
6.6239
6.8769
6.3466
5.9934
6.703
6.9267
6.6022
7.0205
6.9324
6.9578
6.4737
6.8162
6.1803
6.4969
7.2098
6.8951
6.9273
7.0802
6.7612
7.3885
7.1015
6.9658
6.247
6.7155
6.2767
6.8648
7.108
6.0226
6.9967
6.9075
6.4094
6.7787
5.9208
6.8608
6.8102
6.6311
6.6405
7.5321
6.8281
6.7969
6.4539
7.5039
6.6299
6.9388
7.2391
7.8252
6.6438
6.2659
6.5564
7.0391
6.1195
6.8652
6.4121
6.9888
7.8017
6.3274
6.8387
7.147
6.4145
7.651
7.547
7.243
6.9062
7.1317
6.7542
7.7687
6.0952
7.1865
7.1199
6.959
8.1366
6.7437
7.5255
7.4201
7.0565
6.8722
7.4154
6.59
6.087
7.3693
6.8756
7.3923
6.3876
6.8861
7.6157
7.3468
7.3605
6.9405
7.1004
6.6672
6.2693
6.4116
6.9083
7.39
7.0107
7.1278
7.4606
6.6902
6.6628
6.328
6.8701
6.6504
6.8104
7.3676
7.1943
7.0501
6.9369
6.751
7.0405
8.3775
7.0883
6.3948
7.3472
6.748
6.9338
7.252
6.7249
6.9404
7.3803
6.7447
7.1029
7.5494
6.43
7.3914
7.4366
6.7679
7.9735
6.8326
7.4812
7.6189
7.8988
6.8676
6.7442
7.0681
7.2549
6.3318
6.647
6.9221
6.974
7.418
6.9461
6.5518
7.2525
7.2247
6.7104
6.7293
6.6087
7.0
7.2222
7.1393
7.2404
6.9092
7.3206
7.5101
7.6774
7.6916
6.9452
6.8042
6.2563
7.5862
7.043
7.4762
8.2242
6.0835
7.9963
6.4159
7.3494
7.6122
7.4407
7.3457
6.9435
6.7929
6.5521
7.0522
7.4147
6.9566
8.0722
6.7509
7.8532
7.471
7.2835
7.5804
7.964
6.7987
6.5866
7.6912
6.8736
6.6592
7.0209
7.0766
7.8279
6.8811
7.2268
7.2239
6.8191
7.5055
6.6344
7.2827
6.9603
6.14
6.9335
6.8701
6.291
7.9637
7.0571
7.9407
6.3223
6.3472
6.9196
7.0358
7.232
7.3143
6.6042
7.1049
6.4323
7.2274
7.9237
7.297
6.7076
7.4634
7.3899
7.8295
6.9947
7.7396
7.2675
6.9913
7.5936
7.0545
6.8665
6.9013
8.4537
6.9479
7.9157
7.2872
7.1576
7.9452
7.02
8.1758
7.4843
6.4192
6.5617
7.8611
7.147
7.3786
6.8535
7.0005
6.5463
6.2857
7.12
7.3474
7.4068
6.9573
6.6014
7.2573
7.0522
7.161
7.4096
6.9048
6.8778
8.2372
7.4713
7.0118
6.9065
7.4677
8.0546
7.4507
7.1286
7.5806
8.0099
7.3943
7.7359
7.3484
7.4257
7.8298
7.1724
7.0216
7.0082
6.9065
7.7296
7.1114
7.1035
7.4419
7.1428
7.7222
7.2728
7.646
7.7481
6.3735
7.618
5.8409
5.4678
5.6246
5.7175
6.0077
5.3785
5.487
5.8767
5.3269
5.6073
5.6967
5.4434
5.4052
5.5531
5.9602
5.4511
5.9456
6.0221
5.608
6.1862
5.4108
5.4555
5.9284
5.9387
5.599
5.018
5.6866
5.2647
6.2642
5.7961
5.3936
5.6676
5.3675
5.613
5.4218
5.8092
5.6924
5.4093
5.8667
5.8033
6.0182
5.6475
5.7541
5.6243
5.929
5.5437
5.5617
5.4586
5.7719
5.2826
6.5121
5.9609
5.5925
5.6818
5.8265
5.7653
6.153
5.6471
6.1223
5.8339
5.7869
5.6096
5.8616
5.5394
5.4031
5.3806
5.9453
5.5551
6.286
5.8071
6.0123
5.9402
5.5802
6.0921
5.3861
6.1207
5.9553
5.5961
6.5104
5.6472
5.4859
5.7552
6.693
5.7483
6.367
5.7977
5.8539
5.8524
5.9939
6.3853
5.8516
6.3965
6.2
5.4956
5.6206
5.4243
6.3844
5.8887
6.3731
5.8567
5.8621
5.636
5.931
6.0778
6.0392
6.2639
5.4937
5.8166
5.9649
6.5431
5.9747
6.1822
5.5508
5.602
5.8067
6.1225
5.8598
5.7028
6.1991
5.8599
6.1277
6.1886
6.0854
5.8144
5.6186
5.9517
5.8662
5.3802
6.152
5.6266
5.8735
6.1345
6.2452
6.2363
5.8616
6.1242
6.615
5.6846
6.9612
5.9605
6.423
6.2952
6.3025
6.0247
5.8283
5.995
6.4351
5.7679
5.7125
5.9398
5.5735
6.1923
6.0645
5.9495
5.8653
6.5138
5.979
6.0266
5.9041
6.7436
6.7406
7.012
6.4495
5.7122
6.4088
5.9097
5.9675
6.713
6.081
6.7459
5.8843
5.7579
6.3714
5.9509
6.2394
5.842
6.4866
5.5222
6.0559
6.0228
6.1444
6.1824
5.5771
6.3195
6.6573
6.8319
6.0247
5.5903
5.9315
6.19
6.5483
6.2867
6.1021
6.723
5.7542
6.1105
6.3226
5.7551
6.5143
6.1911
6.3013
6.9053
6.2916
6.239
5.9015
5.9591
6.0577
6.4951
5.9344
5.9014
6.0736
6.1117
6.0141
6.1161
5.8744
6.2351
5.7882
6.1191
6.0567
6.2592
5.8241
6.2048
6.1847
5.9456
6.2496
6.1549
6.244
5.9411
5.7405
6.1492
6.554
5.8996
6.1312
6.032
5.6899
5.953
6.2275
6.411
6.2537
6.4166
6.531
6.8713
5.9574
6.306
5.9559
6.2545
6.52
6.4507
6.2283
7.0355
6.5101
5.8619
5.8014
6.3237
6.0985
6.5468
6.0259
6.4039
6.3331
5.808
6.0285
6.2413
5.6932
5.7408
5.8552
5.8336
6.3875
6.346
6.1033
5.7354
6.1338
6.8676
6.2205
6.314
6.3499
5.6744
6.0354
6.0413
6.1421
5.9103
5.9069
6.2526
6.5323
6.3825
7.0389
6.2441
6.4078
6.4863
6.4241
6.4352
6.7799
6.491
5.5284
6.8018
5.9851
6.3559
6.2081
6.5187
6.4403
6.9486
6.5561
5.6746
6.462
6.6911
5.6913
6.2901
6.754
6.6777
6.5397
6.2741
6.2619
6.8367
5.8367
6.6655
6.0493
6.5668
6.0289
6.043
6.8714
7.0642
6.5217
6.5106
6.6414
5.9443
4.5394
4.7819
4.9175
4.7421
5.1789
4.8623
4.6115
4.648
4.9136
5.2067
4.8747
4.5726
4.9418
4.9481
5.3221
5.4999
4.9353
5.0795
4.7697
4.9795
4.7433
4.5978
4.899
4.7154
4.992
4.8926
4.931
5.2348
4.8219
4.7957
4.9258
5.1239
4.9802
4.9537
4.79
4.7554
5.207
5.0646
4.61
4.7928
5.0938
5.0716
4.8663
4.9898
4.9828
4.9159
4.8419
5.101
5.1121
5.4337
4.8435
4.9627
5.2335
5.0838
5.2467
5.0225
4.874
4.9314
4.9873
4.7873
4.8392
5.588
5.118
5.4259
4.9966
4.9688
4.846
5.2255
5.2982
5.0686
5.0283
5.044
5.1406
4.9898
5.0053
5.1964
5.3012
4.9168
4.9182
5.3062
5.3221
4.8818
5.3208
4.9551
4.7204
5.8361
5.1579
5.2923
4.7453
5.4024
5.5837
5.3309
5.3093
5.252
5.2986
5.2107
5.3006
5.2559
5.1876
5.0817
5.5816
4.7322
5.2485
5.0642
5.3887
5.1016
5.1817
4.7777
5.0617
4.8183
5.0686
5.5481
4.9634
5.2171
5.1284
5.2716
4.8772
5.2312
5.5498
5.7335
5.123
5.4919
4.6297
5.0907
5.2601
5.2276
5.3717
5.7242
5.3003
5.2033
5.2242
5.0406
5.4906
5.1603
5.6816
4.6816
5.3934
5.2535
5.228
5.0195
5.3243
5.5399
5.0084
5.0682
5.2037
5.1349
5.2814
4.9954
5.3441
6.01
5.6038
4.992
5.6591
5.1578
5.4829
5.4011
5.6005
5.2449
5.3792
5.2952
5.6279
5.1245
5.1965
5.5996
5.0961
5.2589
5.4132
5.2955
5.0073
4.9963
5.4598
5.2265
5.3749
5.5377
5.4741
5.4267
5.4918
5.7657
5.7179
5.5587
5.5035
5.5091
5.063
5.147
5.4276
5.4608
5.2284
5.1546
5.9423
5.006
5.3512
5.1706
5.4294
5.7023
5.7209
5.0812
5.4263
4.6525
5.3269
5.3519
5.1889
5.5889
5.1782
5.4905
5.2716
5.551
5.4952
5.2344
5.807
5.4006
5.1089
5.4022
5.1168
5.4913
5.6598
5.2579
4.8692
5.4217
5.0745
5.5676
5.0608
5.3039
5.3881
5.718
5.3598
5.4989
5.5664
5.5909
5.3489
5.5288
4.7862
5.3423
5.5401
5.2064
5.2787
4.8213
5.4011
6.3478
5.4927
5.3547
5.4077
5.2154
5.3793
4.9391
6.2445
5.5272
5.2451
5.502
5.8476
5.1214
5.6252
5.5021
5.6558
5.0365
5.4749
5.2673
5.7208
4.8803
5.5692
5.3151
5.4684
5.1909
5.693
5.1094
5.5036
5.317
5.4406
5.7913
6.1601
5.3552
4.8558
5.3122
5.4713
5.1783
5.6309
5.1998
5.3523
5.3183
5.7466
5.8438
5.84
5.6792
5.5134
5.2529
5.3759
5.7
5.614
5.4729
5.2055
5.6077
6.0311
6.0187
5.641
5.6428
5.4283
5.241
5.4006
5.282
5.7461
5.9711
5.3815
6.1557
5.295
5.4807
5.3775
5.6034
5.0656
5.7949
5.2581
5.6669
5.5742
5.3639
5.7447
5.6373
5.8699
5.7321
5.3014
5.461
6.0607
5.8945
5.4201
5.1098
5.653
5.5529
