9941.759
298.077
179.7205
139.8956
98.763
79.6648
66.7138
56.6149
53.4285
44.5731
44.9901
41.2938
42.411
33.1143
34.8835
35.9581
35.5652
30.3398
30.8009
30.2873
28.1681
24.5974
27.6824
25.6783
25.7329
26.3052
24.4786
22.8291
25.5113
21.9258
24.6315
22.0638
23.1265
22.4353
21.888
21.0945
19.6615
19.0329
21.3992
20.2654
17.0492
19.5084
19.3247
20.28
20.1184
19.4277
18.1564
17.5747
18.076
18.6244
16.1328
18.8134
17.0321
16.7914
16.3059
17.3061
16.6737
16.5844
15.4469
17.2996
17.0371
16.6121
14.7901
16.1984
13.3348
14.8544
16.3506
15.9213
16.1955
15.1948
14.5233
13.3113
15.7139
14.5462
14.6938
15.255
13.9818
15.4002
13.6343
15.1351
13.7801
12.8524
14.011
13.3378
14.08
14.2158
14.0673
13.4163
14.0822
14.3572
14.9677
14.889
13.0078
13.5345
14.0627
14.0206
14.2774
14.2319
12.4846
14.9516
12.8522
14.1828
14.082
13.7174
14.2149
11.1338
12.0075
13.239
12.6469
14.5686
13.5665
12.799
13.0832
12.5969
12.6195
12.6064
12.3677
12.158
12.8831
11.8737
11.5396
11.8467
12.7821
13.2956
12.8087
13.153
12.702
12.1524
11.9669
12.2884
12.4693
12.0326
12.3366
12.2726
11.6278
11.9145
13.3186
12.1819
12.4811
12.2951
11.7099
12.9654
13.4064
11.3856
11.7203
12.5278
11.9314
12.4231
11.3285
10.4768
12.5771
12.5956
11.817
12.1556
11.5004
12.7827
11.3757
11.8243
11.0591
11.583
11.7221
10.5235
11.4929
11.2625
10.6498
10.2602
10.9138
10.5315
11.1363
10.7061
10.5017
11.0859
11.5388
10.3714
11.3676
10.9264
11.7116
11.793
10.6727
10.8651
10.8136
10.8634
10.4119
10.733
10.8178
10.2485
11.044
10.7736
10.8159
11.9035
11.1156
9.9039
10.7363
10.6591
10.8978
10.8077
10.4472
10.6419
10.4566
10.5802
11.0983
10.5599
11.2404
10.7249
9.636
11.0294
10.3848
10.9528
10.5184
11.2765
10.2871
10.7683
10.9108
9.8492
11.6631
10.5009
10.2452
10.1458
9.8005
10.7463
10.7009
10.3736
10.0242
10.531
9.8733
10.3708
9.5322
9.0594
9.8073
10.656
10.6445
10.1728
11.69
9.781
10.5412
9.6237
10.0116
10.5624
10.3135
10.698
9.8421
10.3445
10.7632
9.9363
9.5062
10.6469
10.3687
9.789
10.8221
9.3767
10.5761
10.631
9.4722
9.3187
10.7695
10.1256
9.904
10.3531
9.6575
9.1485
10.9701
10.0845
11.3779
10.4943
9.4906
9.8059
9.3185
10.3437
10.948
10.6026
10.35
9.7875
10.6293
9.6101
10.3259
9.4631
9.931
9.2537
9.4167
11.1624
11.6095
9.1187
11.0617
8.6858
9.7983
9.9812
10.1091
9.1097
9.9365
9.3459
10.5947
10.3031
10.737
9.8319
9.0772
9.3115
9.0564
8.6821
9.9012
9.6686
9.1861
9.0823
10.0118
9.3907
9.978
10.2915
8.7508
10.2689
9.9038
9.3408
8.9552
10.4005
10.6833
9.6942
9.8698
10.0217
9.7537
10.3026
9.72
9.3246
8.736
10.2254
9.1987
9.7083
9.1121
8.8992
7.9586
9.3004
9.5472
8.5983
8.9845
8.6292
9.914
8.5088
9.4056
8.616
9.802
9.5461
8.6392
9.1891
9.4967
8.3637
8.6606
10.0168
8.6588
8.9819
8.9396
9.7753
8.9707
8.7666
8.7297
8.6054
8.5234
10.1356
9.054
8.4391
9.1644
8.7195
9.2511
9.1305
9.391
8.9204
9.2093
8.1758
9.53
9.0195
9.3724
9.0942
9.8232
9.6798
9.1451
9.6742
9.4593
9.3851
8.8344
8.9149
9.2289
9.4163
9.5028
8.6377
8.4385
8.6966
9.1344
9.1111
8.5061
9.1774
9.3343
8.1914
9.0445
8.9472
8.4969
8.9706
9.9503
8.86
8.2031
9.2729
8.9312
9.8439
9.222
9.0755
8.9722
8.7394
8.7295
7.921
9.1524
8.6304
8.8939
8.7285
9.1134
8.3548
8.5772
9.3001
8.3692
8.5365
9.2044
9.2639
8.6289
9.2885
8.6454
9.3736
10.24
9.8274
8.1457
8.4667
8.7597
9.0174
9.4476
9.75
8.8238
9.5397
8.2238
8.8862
9.6361
8.6845
7.9716
8.6059
9.404
7.7901
9.4555
8.1727
8.4671
8.8497
9.4975
9.4694
10.0623
8.3586
8.7876
8.4224
8.7597
9.0518
8.9361
8.3415
8.6278
8.4638
8.0343
9.7427
9.5656
9.0481
8.9613
8.0701
9.1082
8.0475
8.8406
8.7616
9.0716
8.6446
8.9917
9.0091
9.1384
9.0777
8.7764
8.4985
8.2969
8.0687
8.9127
9.53
9.7781
9.033
9.1323
7.9457
9.0433
8.3153
9.0611
7.6419
8.558
10.1288
8.3439
8.8577
7.7311
8.4802
8.8658
7.8295
7.6563
8.0668
7.9173
7.8932
8.865
8.1196
8.2817
7.8896
8.397
7.9529
8.3977
8.3661
8.6887
7.9522
8.541
8.5106
8.0911
8.0732
8.5522
8.4969
8.4908
8.9975
8.4641
7.8889
8.3352
7.9683
8.2958
8.7893
8.7461
8.1616
7.6568
8.3519
7.8691
7.968
8.4305
8.2191
9.4654
8.3676
7.4991
8.2978
8.1768
8.0949
8.3107
7.5909
7.9694
8.279
8.4481
8.291
8.3565
7.8893
8.8721
8.353
8.2366
8.3537
8.2083
8.1729
8.2309
8.0078
8.5368
8.6594
8.512
7.9112
8.1743
8.7493
7.734
8.1172
9.2273
7.9064
8.3392
7.9357
8.3008
8.5655
8.1458
8.2855
8.6111
8.3024
7.9667
8.2969
7.9928
8.3331
8.0758
8.5902
8.5385
9.1241
8.6981
8.0615
8.8196
8.2759
8.5779
8.582
8.1618
8.0815
8.8404
8.0727
8.1467
8.8285
7.7717
8.0532
8.5004
8.0394
8.5174
8.4062
8.4795
7.8418
8.537
7.7041
7.7009
7.8719
7.8594
8.1851
7.8365
8.3812
8.631
8.0025
8.7934
8.2049
8.692
7.9772
7.939
8.8128
7.2222
8.6494
9.1376
7.5292
7.9748
8.1656
8.3641
8.4081
7.5
7.9489
7.689
8.3674
7.8811
7.5448
8.4262
9.1608
8.1785
8.6851
8.2655
8.5249
8.5693
7.9523
8.0079
8.3209
8.2145
8.5995
7.9198
8.7351
7.7878
8.3418
7.5429
8.1532
8.6074
7.6084
8.0471
8.7222
7.7261
7.8062
7.4932
7.5159
8.3607
8.0062
7.9469
8.3659
7.3932
7.8818
7.765
7.9196
7.2284
8.8793
8.287
7.8473
6.9909
7.1171
7.8162
7.8979
7.6504
7.4429
7.6139
7.6225
7.3489
7.5996
7.9686
8.0433
7.4213
7.7365
7.2354
8.06
7.6788
7.0424
8.1472
7.3454
7.2417
7.9126
7.8701
8.3335
7.7072
7.7174
8.1858
7.531
7.4787
7.8467
7.8623
8.0354
7.7172
6.9543
7.5709
7.7196
8.4408
7.9005
7.761
8.0805
7.6743
7.3625
8.0677
7.4927
7.458
7.309
7.8249
7.5562
7.5235
7.42
7.828
7.2379
7.5195
7.9844
7.3894
8.3787
7.8823
7.9819
7.7401
7.4507
8.1122
7.7088
7.7032
8.0075
7.8742
8.0866
7.6985
7.68
7.4764
7.8639
7.7565
7.3875
7.1406
7.8496
7.7642
8.2448
7.4345
8.0385
7.2813
8.2027
7.7095
7.6242
8.3477
7.5246
7.5087
7.0932
7.6503
8.0363
7.6308
7.5686
7.8736
7.4142
7.6926
8.1031
7.7559
8.0332
8.3696
7.875
7.9057
7.9541
7.8654
8.07
8.1224
8.0037
7.7516
7.7249
7.3148
8.1831
7.7755
7.5636
8.1671
7.9278
7.3693
7.9195
7.7605
8.4132
7.7507
8.7487
7.2391
7.7053
7.8449
7.6501
7.9206
7.3065
7.0709
6.9918
7.9532
8.3688
7.8876
8.4339
8.013
8.1353
7.5052
7.1606
8.1297
7.7365
7.5417
7.7274
8.2054
7.9077
7.2725
7.6765
8.1815
7.2647
7.7113
7.935
